Nota: 0.07748 Geracao:53 Deslocamento:4.585880e+00
L[] = 2.000000e+00, 3.000000e+00, 2.000000e+00, 1.000000e+00, 3.000000e+00, 3.000000e+00, 1.000000e+00, 
A[] = 3.000000e-04, 3.000000e-04, 3.000000e-04, 3.000000e-04, 5.000000e-04, 3.000000e-04, 3.000000e-04, 3.000000e-04, 3.000000e-04, 3.000000e-04, 4.000000e-04, 3.000000e-04, 3.000000e-04, 

Nota: 0.07742 Geracao:46 Deslocamento:4.097874e+00
L[] = 2.000000e+00, 3.000000e+00, 2.000000e+00, 1.000000e+00, 3.000000e+00, 3.000000e+00, 1.000000e+00, 
A[] = 3.000000e-04, 3.000000e-04, 3.000000e-04, 3.000000e-04, 5.000000e-04, 3.000000e-04, 3.000000e-04, 3.000000e-04, 3.000000e-04, 3.000000e-04, 4.000000e-04, 4.000000e-04, 4.000000e-04, 

Nota: 0.07741 Geracao:40 Deslocamento:4.171552e+00
L[] = 2.000000e+00, 3.000000e+00, 2.000000e+00, 1.000000e+00, 3.000000e+00, 3.000000e+00, 1.000000e+00, 
A[] = 3.000000e-04, 3.000000e-04, 3.000000e-04, 3.000000e-04, 5.000000e-04, 3.000000e-04, 3.000000e-04, 3.000000e-04, 3.000000e-04, 3.000000e-04, 5.000000e-04, 3.000000e-04, 4.000000e-04, 

Nota: 0.07674 Geracao:24 Deslocamento:4.474552e+00
L[] = 2.000000e+00, 3.000000e+00, 2.000000e+00, 1.000000e+00, 3.000000e+00, 3.000000e+00, 1.000000e+00, 
A[] = 3.000000e-04, 4.000000e-04, 3.000000e-04, 3.000000e-04, 5.000000e-04, 3.000000e-04, 3.000000e-04, 3.000000e-04, 3.000000e-04, 3.000000e-04, 4.000000e-04, 3.000000e-04, 3.000000e-04, 

Nota: 0.07597 Geracao:23 Deslocamento:3.775595e+00
L[] = 2.000000e+00, 3.000000e+00, 2.000000e+00, 1.000000e+00, 3.000000e+00, 3.000000e+00, 1.000000e+00, 
A[] = 3.000000e-04, 4.000000e-04, 3.000000e-04, 5.000000e-04, 5.000000e-04, 3.000000e-04, 3.000000e-04, 3.000000e-04, 3.000000e-04, 3.000000e-04, 5.000000e-04, 4.000000e-04, 4.000000e-04, 

Nota: 0.07573 Geracao:22 Deslocamento:4.403788e+00
L[] = 2.000000e+00, 3.000000e+00, 2.000000e+00, 1.000000e+00, 3.000000e+00, 3.000000e+00, 1.000000e+00, 
A[] = 3.000000e-04, 3.000000e-04, 3.000000e-04, 5.000000e-04, 4.000000e-04, 3.000000e-04, 3.000000e-04, 3.000000e-04, 3.000000e-04, 3.000000e-04, 4.000000e-04, 5.000000e-04, 3.000000e-04, 

Nota: 0.07570 Geracao:20 Deslocamento:4.233462e+00
L[] = 2.000000e+00, 3.000000e+00, 2.000000e+00, 1.000000e+00, 3.000000e+00, 3.000000e+00, 1.000000e+00, 
A[] = 3.000000e-04, 3.000000e-04, 3.000000e-04, 5.000000e-04, 4.000000e-04, 3.000000e-04, 3.000000e-04, 3.000000e-04, 3.000000e-04, 3.000000e-04, 5.000000e-04, 3.000000e-04, 5.000000e-04, 

Nota: 0.07559 Geracao:11 Deslocamento:3.926082e+00
L[] = 2.000000e+00, 3.000000e+00, 2.000000e+00, 1.000000e+00, 3.000000e+00, 3.000000e+00, 1.000000e+00, 
A[] = 3.000000e-04, 3.000000e-04, 3.000000e-04, 4.000000e-04, 5.000000e-04, 3.000000e-04, 3.000000e-04, 3.000000e-04, 3.000000e-04, 4.000000e-04, 4.000000e-04, 5.000000e-04, 4.000000e-04, 

Nota: 0.07424 Geracao:8 Deslocamento:3.930084e+00
L[] = 2.000000e+00, 3.000000e+00, 2.000000e+00, 1.000000e+00, 3.000000e+00, 3.000000e+00, 1.000000e+00, 
A[] = 5.000000e-04, 3.000000e-04, 3.000000e-04, 5.000000e-04, 4.000000e-04, 3.000000e-04, 3.000000e-04, 3.000000e-04, 3.000000e-04, 4.000000e-04, 5.000000e-04, 5.000000e-04, 4.000000e-04, 

Nota: 0.07368 Geracao:7 Deslocamento:3.783682e+00
L[] = 2.000000e+00, 3.000000e+00, 2.000000e+00, 1.000000e+00, 3.000000e+00, 3.000000e+00, 1.000000e+00, 
A[] = 5.000000e-04, 3.000000e-04, 3.000000e-04, 5.000000e-04, 4.000000e-04, 3.000000e-04, 3.000000e-04, 3.000000e-04, 3.000000e-04, 4.000000e-04, 5.000000e-04, 5.000000e-04, 5.000000e-04, 

Nota: 0.07190 Geracao:5 Deslocamento:4.662233e+00
L[] = 2.000000e+00, 3.000000e+00, 2.000000e+00, 1.000000e+00, 3.000000e+00, 3.000000e+00, 1.000000e+00, 
A[] = 5.000000e-04, 3.000000e-04, 4.000000e-04, 3.000000e-04, 4.000000e-04, 5.000000e-04, 3.000000e-04, 4.000000e-04, 3.000000e-04, 4.000000e-04, 4.000000e-04, 3.000000e-04, 3.000000e-04, 

Nota: 0.07112 Geracao:3 Deslocamento:4.661799e+00
L[] = 2.000000e+00, 3.000000e+00, 2.000000e+00, 1.000000e+00, 3.000000e+00, 3.000000e+00, 1.000000e+00, 
A[] = 3.000000e-04, 4.000000e-04, 4.000000e-04, 4.000000e-04, 4.000000e-04, 5.000000e-04, 3.000000e-04, 3.000000e-04, 3.000000e-04, 5.000000e-04, 3.000000e-04, 3.000000e-04, 4.000000e-04, 

Nota: 0.06728 Geracao:2 Deslocamento:4.861614e+00
L[] = 3.000000e+00, 3.000000e+00, 2.000000e+00, 1.000000e+00, 3.000000e+00, 3.000000e+00, 1.000000e+00, 
A[] = 4.000000e-04, 3.000000e-04, 3.000000e-04, 3.000000e-04, 3.000000e-04, 3.000000e-04, 3.000000e-04, 3.000000e-04, 5.000000e-04, 4.000000e-04, 5.000000e-04, 4.000000e-04, 4.000000e-04, 

Nota: 0.06630 Geracao:1 Deslocamento:6.035947e+00
L[] = 2.000000e+00, 2.000000e+00, 1.000000e+00, 1.000000e+00, 3.000000e+00, 3.000000e+00, 1.000000e+00, 
A[] = 5.000000e-04, 3.000000e-04, 5.000000e-04, 5.000000e-04, 4.000000e-04, 4.000000e-04, 3.000000e-04, 3.000000e-04, 3.000000e-04, 3.000000e-04, 5.000000e-04, 5.000000e-04, 4.000000e-04, 

Nota: 0.07748 Geracao:61 Deslocamento:4.585880e+00
L[] = 2.000000e+00, 3.000000e+00, 2.000000e+00, 1.000000e+00, 3.000000e+00, 3.000000e+00, 1.000000e+00, 
A[] = 3.000000e-04, 3.000000e-04, 3.000000e-04, 3.000000e-04, 5.000000e-04, 3.000000e-04, 3.000000e-04, 3.000000e-04, 3.000000e-04, 3.000000e-04, 4.000000e-04, 3.000000e-04, 3.000000e-04, 

Nota: 0.07745 Geracao:49 Deslocamento:4.341877e+00
L[] = 2.000000e+00, 3.000000e+00, 2.000000e+00, 1.000000e+00, 3.000000e+00, 3.000000e+00, 1.000000e+00, 
A[] = 3.000000e-04, 3.000000e-04, 3.000000e-04, 3.000000e-04, 5.000000e-04, 3.000000e-04, 3.000000e-04, 3.000000e-04, 3.000000e-04, 3.000000e-04, 4.000000e-04, 3.000000e-04, 4.000000e-04, 

Nota: 0.07741 Geracao:48 Deslocamento:4.171552e+00
L[] = 2.000000e+00, 3.000000e+00, 2.000000e+00, 1.000000e+00, 3.000000e+00, 3.000000e+00, 1.000000e+00, 
A[] = 3.000000e-04, 3.000000e-04, 3.000000e-04, 3.000000e-04, 5.000000e-04, 3.000000e-04, 3.000000e-04, 3.000000e-04, 3.000000e-04, 3.000000e-04, 5.000000e-04, 4.000000e-04, 3.000000e-04, 

Nota: 0.07720 Geracao:31 Deslocamento:4.304768e+00
L[] = 2.000000e+00, 3.000000e+00, 2.000000e+00, 1.000000e+00, 3.000000e+00, 3.000000e+00, 1.000000e+00, 
A[] = 4.000000e-04, 3.000000e-04, 3.000000e-04, 3.000000e-04, 5.000000e-04, 3.000000e-04, 3.000000e-04, 3.000000e-04, 3.000000e-04, 3.000000e-04, 4.000000e-04, 3.000000e-04, 4.000000e-04, 

Nota: 0.07659 Geracao:29 Deslocamento:4.158366e+00
L[] = 2.000000e+00, 3.000000e+00, 2.000000e+00, 1.000000e+00, 3.000000e+00, 3.000000e+00, 1.000000e+00, 
A[] = 4.000000e-04, 3.000000e-04, 3.000000e-04, 3.000000e-04, 5.000000e-04, 3.000000e-04, 3.000000e-04, 3.000000e-04, 3.000000e-04, 3.000000e-04, 4.000000e-04, 3.000000e-04, 5.000000e-04, 

Nota: 0.07656 Geracao:28 Deslocamento:3.988040e+00
L[] = 2.000000e+00, 3.000000e+00, 2.000000e+00, 1.000000e+00, 3.000000e+00, 3.000000e+00, 1.000000e+00, 
A[] = 4.000000e-04, 3.000000e-04, 3.000000e-04, 3.000000e-04, 5.000000e-04, 3.000000e-04, 3.000000e-04, 3.000000e-04, 3.000000e-04, 3.000000e-04, 5.000000e-04, 5.000000e-04, 3.000000e-04, 

Nota: 0.07626 Geracao:25 Deslocamento:4.136100e+00
L[] = 2.000000e+00, 3.000000e+00, 2.000000e+00, 1.000000e+00, 3.000000e+00, 3.000000e+00, 1.000000e+00, 
A[] = 5.000000e-04, 3.000000e-04, 3.000000e-04, 3.000000e-04, 5.000000e-04, 3.000000e-04, 3.000000e-04, 3.000000e-04, 3.000000e-04, 3.000000e-04, 4.000000e-04, 5.000000e-04, 3.000000e-04, 

Nota: 0.07611 Geracao:21 Deslocamento:4.084147e+00
L[] = 2.000000e+00, 3.000000e+00, 2.000000e+00, 1.000000e+00, 3.000000e+00, 3.000000e+00, 1.000000e+00, 
A[] = 3.000000e-04, 4.000000e-04, 3.000000e-04, 3.000000e-04, 5.000000e-04, 3.000000e-04, 3.000000e-04, 3.000000e-04, 3.000000e-04, 3.000000e-04, 4.000000e-04, 5.000000e-04, 3.000000e-04, 

Nota: 0.07608 Geracao:19 Deslocamento:4.586757e+00
L[] = 2.000000e+00, 3.000000e+00, 2.000000e+00, 1.000000e+00, 3.000000e+00, 3.000000e+00, 1.000000e+00, 
A[] = 4.000000e-04, 3.000000e-04, 3.000000e-04, 5.000000e-04, 4.000000e-04, 3.000000e-04, 3.000000e-04, 3.000000e-04, 3.000000e-04, 3.000000e-04, 5.000000e-04, 3.000000e-04, 3.000000e-04, 

Nota: 0.07605 Geracao:18 Deslocamento:3.669819e+00
L[] = 2.000000e+00, 3.000000e+00, 2.000000e+00, 1.000000e+00, 3.000000e+00, 3.000000e+00, 1.000000e+00, 
A[] = 3.000000e-04, 4.000000e-04, 3.000000e-04, 3.000000e-04, 5.000000e-04, 3.000000e-04, 3.000000e-04, 3.000000e-04, 3.000000e-04, 3.000000e-04, 5.000000e-04, 4.000000e-04, 5.000000e-04, 

Nota: 0.07549 Geracao:17 Deslocamento:3.610444e+00
L[] = 2.000000e+00, 3.000000e+00, 2.000000e+00, 1.000000e+00, 3.000000e+00, 3.000000e+00, 1.000000e+00, 
A[] = 5.000000e-04, 4.000000e-04, 3.000000e-04, 3.000000e-04, 5.000000e-04, 3.000000e-04, 3.000000e-04, 3.000000e-04, 3.000000e-04, 3.000000e-04, 5.000000e-04, 4.000000e-04, 5.000000e-04, 

Nota: 0.07504 Geracao:12 Deslocamento:4.283770e+00
L[] = 2.000000e+00, 3.000000e+00, 2.000000e+00, 1.000000e+00, 3.000000e+00, 3.000000e+00, 1.000000e+00, 
A[] = 3.000000e-04, 4.000000e-04, 3.000000e-04, 4.000000e-04, 4.000000e-04, 4.000000e-04, 3.000000e-04, 3.000000e-04, 3.000000e-04, 3.000000e-04, 5.000000e-04, 3.000000e-04, 4.000000e-04, 

Nota: 0.07480 Geracao:6 Deslocamento:4.176108e+00
L[] = 2.000000e+00, 3.000000e+00, 2.000000e+00, 1.000000e+00, 3.000000e+00, 3.000000e+00, 1.000000e+00, 
A[] = 5.000000e-04, 4.000000e-04, 3.000000e-04, 3.000000e-04, 4.000000e-04, 3.000000e-04, 3.000000e-04, 3.000000e-04, 3.000000e-04, 4.000000e-04, 4.000000e-04, 4.000000e-04, 4.000000e-04, 

Nota: 0.07273 Geracao:1 Deslocamento:4.806273e+00
L[] = 2.000000e+00, 3.000000e+00, 2.000000e+00, 1.000000e+00, 3.000000e+00, 3.000000e+00, 1.000000e+00, 
A[] = 5.000000e-04, 3.000000e-04, 3.000000e-04, 3.000000e-04, 4.000000e-04, 3.000000e-04, 3.000000e-04, 3.000000e-04, 5.000000e-04, 3.000000e-04, 3.000000e-04, 3.000000e-04, 4.000000e-04, 

